0  0  345.272  10.5487   4.63843   0.0894722   0.0207177
0  1  225.155  10.5991   4.69032   0.0910166   0.0207398
0  2  150.678  10.7224   4.80549   0.092609   0.020747
0  3  97.5276  10.9743   5.03409   0.0947321   0.0207515
0  4  50.0305  11.7575   5.74325   0.0987476   0.0206633
0  5  20.1385  12.6521   6.62261   0.102944   0.0205544
1  0  372.381  10.3137   4.4562   0.0904391   0.0207747
1  1  243.045  10.4024   4.51383   0.0924124   0.0206578
1  2  162.453  10.6864   4.78535   0.0949136   0.0207381
1  3  105.271  11.1348   5.18972   0.0979628   0.0206985
1  4  54.1355  11.856   5.84969   0.102347   0.0206378
1  5  21.9953  13.0034   7.06076   0.107876   0.0207339
2  0  46.0748  12   2.34582   0.109207   0.00399395
2  1  30.4409  12   2.38788   0.108163   0.00397929
2  2  20.6567  12   2.31781   0.106197   0.0039758
2  3  13.4952  12   2.53024   0.104453   0.00393195
2  4  6.98767  12   2.61225   0.101411   0.00389266
2  5  2.93259  12   2.66974   0.0975316   0.00383738
3  0  21.4427  12   1.98131   0.10853   0.00406592
3  1  14.4286  12   1.97609   0.107023   0.00405596
3  2  9.8612  12   1.99957   0.105229   0.00404488
3  3  6.52466  12   1.93056   0.102866   0.00403107
3  4  3.46794  12   2.04638   0.0990918   0.00397549
3  5  1.48742  12   2.06856   0.0947235   0.00391191
4  0  56.7884  12.1348   6.98959   0.144267   0.016138
4  1  38.2601  12.0076   6.86643   0.136144   0.0163772
4  2  26.4768  11.6632   6.41651   0.128521   0.016328
4  3  17.6804  11.6496   6.3562   0.122653   0.0163477
4  4  9.52232  11.4628   6.06407   0.114842   0.0161902
4  5  4.20809  11.1854   5.65232   0.105471   0.0159228
5  0  1.24529  140.194   716.068   0.189669   0.0128369
5  1  0.888094  47.3308   99.8701   0.17555   0.0152407
5  2  0.618363  37.6844   63.9866   0.164608   0.0156367
5  3  0.410516  40.7646   76.4119   0.154662   0.0162163
5  4  0.212532  27.8912   34.9883   0.135547   0.0161896
5  5  0.0835074  14.0821   9.37169   0.108128   0.0177929
